$ THEANO_FLAGS=mode=FAST_RUN,device=gpu,floatX=float32 python test_hmc.py 
Using gpu device 0: GeForce GTX 660 Ti (CNMeM is disabled, cuDNN 4007)
****** TARGET VALUES ******
target mean: [ 6.96469164  2.86139345  2.26851463  5.51314783  7.19468975]
target cov:
 [[ 1.          0.66197109  0.71141255  0.55766642  0.35753822]
 [ 0.66197109  1.          0.310532    0.45455486  0.37991646]
 [ 0.71141255  0.310532    1.          0.62800336  0.38004541]
 [ 0.55766642  0.45455486  0.62800336  1.          0.50807869]
 [ 0.35753822  0.37991646  0.38004541  0.50807869  1.        ]]
****** EMPIRICAL MEAN/COV USING HMC ******
empirical mean:  [ 6.94154692  2.81526303  2.2630167   5.4653697   7.19413471]
empirical_cov:
 [[ 1.0515302   0.68393541  0.76038665  0.59930268  0.37478737]
 [ 0.68393541  0.97708147  0.3735146   0.4836241   0.38395562]
 [ 0.76038665  0.3735146   1.03797136  0.67342975  0.41529153]
 [ 0.59930268  0.4836241   0.67342975  1.0286505   0.53613661]
 [ 0.37478737  0.38395562  0.41529153  0.53613661  0.98721455]]
****** HMC INTERNALS ******
final stepsize 0.460446625948
final acceptance_rate 0.922501862049
--------------------------------------------------------------------------
$ python test_hmc.py
****** TARGET VALUES ******
target mean: [ 6.96469186  2.86139335  2.26851454  5.51314769  7.1946897 ]
target cov:
 [[ 1.          0.66197111  0.71141257  0.55766643  0.35753822]
 [ 0.66197111  1.          0.31053199  0.45455485  0.37991646]
 [ 0.71141257  0.31053199  1.          0.62800335  0.38004541]
 [ 0.55766643  0.45455485  0.62800335  1.          0.50807871]
 [ 0.35753822  0.37991646  0.38004541  0.50807871  1.        ]]
****** EMPIRICAL MEAN/COV USING HMC ******
empirical mean:  [ 6.94155164  2.81526039  2.26301715  5.46536853  7.19414496]
empirical_cov:
 [[ 1.05152997  0.68393537  0.76038645  0.59930252  0.37478746]
 [ 0.68393537  0.97708159  0.37351422  0.48362404  0.3839558 ]
 [ 0.76038645  0.37351422  1.03797111  0.67342957  0.41529132]
 [ 0.59930252  0.48362404  0.67342957  1.02865056  0.53613649]
 [ 0.37478746  0.3839558   0.41529132  0.53613649  0.98721449]]
****** HMC INTERNALS ******
final stepsize 0.460446628091
final acceptance_rate 0.922502043428

